53
53
53
53
53
53
53
53
53
53
53
53
53
53
3
3
3
3
3
3
3
3
3
3
3
3
3
3
3
3
3
3
3
3
3
3
3
3
3
3
3
5
5
5
5
5
5
5
5
5
5
5
5
5
5
5
5
5
5
5
5
5
5
5
5
5
5
5
5
5
5
5
6
6
6
6
6
6
6
6
6
6
6
6
6
6
6
6
6
6
6
7
7
7
7
7
7
7
7
7
7
7
7
7
7
7
7
7
7
7
11
11
11
11
11
11
11
11
11
11
11
11
11
11
10
10
10
10
10
10
10
10
10
10
10
10
10
10
10
10
10
10
10
10
10
10
10
10
10
10
10
10
10
10
10
12
12
12
12
12
12
12
12
12
12
12
12
12
12
12
12
12
12
12
12
12
12
12
12
12
12
12
12
12
12
12
12
12
12
12
12
13
13
13
13
13
13
13
13
13
13
13
13
13
38
38
38
38
38
38
38
38
38
38
38
38
38
38
38
38
38
38
38
38
38
38
38
38
15
15
15
15
15
15
15
15
15
15
15
15
15
15
15
15
15
15
15
15
15
15
15
16
16
16
16
16
16
16
16
16
16
16
16
16
16
16
16
20
20
20
20
20
20
20
20
20
20
20
20
20
20
20
20
18
18
18
18
18
18
18
18
18
18
18
18
18
18
18
18
18
18
18
18
19
19
19
19
19
19
19
19
19
19
20
20
20
20
20
20
20
20
20
20
20
20
20
20
20
20
21
21
21
21
21
21
21
21
21
21
21
21
21
22
22
22
22
22
22
22
22
22
22
22
22
22
22
22
23
23
23
23
23
23
23
23
23
23
23
23
23
23
23
23
23
23
23
23
23
23
23
23
23
23
23
23
23
24
24
24
24
24
24
24
24
24
24
24
24
24
24
24
24
25
25
25
25
25
25
25
25
25
26
26
26
26
26
26
26
26
26
26
26
26
26
26
26
26
26
26
26
26
26
57
57
57
57
57
57
57
57
57
57
57
57
57
57
57
57
57
57
57
57
57
57
57
57
57
57
57
57
57
57
57
57
57
28
28
28
28
28
28
28
28
28
28
28
28
28
28
28
28
28
28
28
28
28
28
33
33
33
33
33
33
33
33
33
33
33
33
32
32
32
32
32
32
32
32
32
32
32
32
32
32
32
32
32
32
32
32
31
31
31
31
31
31
31
31
31
31
31
31
31
31
31
31
34
34
34
34
34
34
34
34
34
34
34
34
34
34
33
33
33
33
33
33
33
33
33
34
34
34
34
34
34
34
34
34
34
34
34
42
42
42
42
42
42
42
42
42
42
42
42
42
42
39
39
39
39
39
39
39
39
39
39
39
39
39
39
39
39
39
39
39
39
44
44
44
44
44
44
44
44
44
44
44
44
44
44
44
44
44
38
38
38
38
38
38
38
38
38
38
38
38
38
39
39
39
39
39
39
39
39
39
39
39
39
39
39
39
39
39
39
39
39
39
42
42
42
42
42
42
42
42
42
42
42
41
41
41
41
41
41
41
41
41
41
41
41
41
41
41
41
41
41
41
41
41
41
42
42
42
42
42
42
42
42
42
42
42
42
42
42
42
45
45
45
45
45
45
45
45
45
45
45
45
45
45
45
45
44
44
44
44
44
44
44
44
44
44
45
45
45
45
45
45
45
45
45
45
45
45
45
46
46
46
46
46
46
46
46
46
46
46
46
46
46
46
46
46
46
46
46
46
47
47
47
47
47
47
47
47
47
47
47
47
47
47
47
47
47
47
47
48
48
48
48
48
48
48
48
48
48
48
48
48
48
49
49
49
49
49
49
49
49
49
49
49
49
49
49
49
49
51
51
51
51
51
51
51
51
51
51
51
51
51
51
51
51
51
51
51
51
51
51
51
51
51
51
51
51
51
51
51
51
51
51
52
52
52
52
52
52
52
52
52
52
52
52
52
52
53
53
53
53
53
53
53
53
53
53
53
53
53
53
53
53
53
53
55
55
55
55
55
55
55
55
55
55
55
55
55
55
55
55
55
55
55
55
55
55
55
55
55
55
55
55
55
61
61
61
61
61
61
61
61
61
61
61
61
61
61
57
57
57
57
57
57
57
57
57
57
57
57
57
57
57
57
59
59
59
59
59
59
59
59
59
59
59
59
59
59
59
59
59
59
59
59
59
59
59
59
59
59
59
59
59
60
60
60
60
60
60
60
60
60
60
60
60
60
60
60
60
60
60
60
60
60
60
60
60
60
61
61
61
61
61
61
61
61
61
61
61
61
61
61
61
61
61
61
62
62
62
62
62
62
62
62
62
62
62
62
62
62
62
62
62
62
62
65
65
65
65
65
65
65
65
65
65
65
65
65
65
65
65
65
65
65
65
65
65
65
65
64
64
64
64
64
64
64
64
64
64
64
64
64
64
64
64
64
64
64
65
65
65
65
65
65
65
65
65
65
65
65
65
65
65
65
65
65
65
66
66
66
66
66
66
66
66
66
66
66
66
66
66
66
66
99
99
99
99
99
99
99
99
99
99
99
99
99
99
99
68
68
68
68
68
68
68
68
68
68
68
68
68
69
69
69
69
69
69
69
69
69
69
69
69
69
69
69
69
69
69
69
69
69
69
72
72
72
72
72
72
72
72
72
72
72
72
72
72
72
72
72
72
72
72
72
72
72
72
72
72
72
72
72
72
72
72
72
72
72
72
72
72
72
72
72
72
72
73
73
73
73
73
73
73
73
73
73
73
73
73
73
73
73
74
74
74
74
74
74
74
74
74
74
74
74
74
74
74
74
74
74
74
74
74
74
85
85
85
85
85
85
85
85
85
85
85
85
85
85
85
85
85
85
85
85
76
76
76
76
76
76
76
76
76
76
76
76
86
86
86
86
86
86
86
86
86
86
86
86
86
86
86
86
86
86
86
86
78
78
78
78
78
78
78
78
78
78
78
78
78
78
78
78
78
78
79
79
79
79
79
79
79
79
79
79
79
79
79
79
79
79
79
79
79
80
80
80
80
80
80
80
80
80
80
80
80
80
81
81
81
81
81
81
81
81
81
81
81
81
81
81
81
81
81
81
81
81
81
81
82
82
82
82
82
82
82
82
82
82
82
82
82
83
83
83
83
83
83
83
83
83
83
83
83
83
83
84
84
84
84
84
84
84
84
84
84
84
84
84
84
84
84
84
84
84
86
86
86
86
86
86
86
86
86
86
86
86
86
86
86
86
86
86
86
86
86
86
86
86
86
86
86
86
86
86
86
86
86
86
86
98
98
98
98
98
98
98
98
98
98
98
98
98
98
98
98
88
88
88
88
88
88
88
88
88
88
88
88
88
88
88
88
89
89
89
89
89
89
89
89
89
89
89
89
89
89
89
89
95
95
95
95
95
95
95
95
95
95
95
95
95
95
95
95
95
91
91
91
91
91
91
91
91
91
91
91
91
92
92
92
92
92
92
92
92
92
92
92
92
92
92
92
92
93
93
93
93
93
93
93
93
93
93
93
93
93
93
93
93
93
95
95
95
95
95
95
95
95
95
95
95
95
95
95
95
95
95
95
95
95
95
95
95
95
95
95
95
95
95
95
95
97
97
97
97
97
97
97
97
97
97
97
97
97
97
97
97
97
97
97
97
97
97
97
97
97
97
97
97
97
97
97
97
97
97
97
97
97
97
97
100
100
100
100
100
100
100
100
100
100
100
100
100
100
100
100
99
99
99
99
99
99
99
99
99
99
99
99
99
99
99
99
99
99
99
100
100
100
100
100
100
100
100
100
100
100
104
104
104
104
104
104
104
104
104
104
104
104
104
104
104
104
104
104
104
104
104
104
104
104
104
104
104
104
104
104
104
104
104
104
104
104
104
104
104
104
104
104
104
104
104
104
104
104
104
104
104
104
104
104
104
104
104
104
104
104
104
104
104
104
104
104
104
104
104
104
104
104
104
104
104
104
104
104
104
104
104
104
104
104
104
104
104
104
104
104
104
104
104
104
104
104
104
104
104
104
104
104
104
104
104
104
104
104
104
104
104
104
104
104
104
104
104
104
104
102
102
102
102
102
102
102
102
102
102
102
102
102
102
102
102
102
102
102
102
102
102
102
102
102
102
102
102
102
102
102
102
102
102
102
102
102
102
102
102
102
102
102
102
102
102
102
102
102
102
102
102
102
102
102
102
102
102
102
102
102
102
102
102
102
102
102
102
102
102
102
102
102
102
102
102
102
102
102
102
102
102
102
102
102
102
102
102
102
104
104
104
104
104
104
104
104
104
104
104
104
104
104
104
104
104
104
104
104
104
104
104
104
104
104
104
104
104
104
104
104
104
104
104
104
104
104
104
104
104
104
104
104
104
104
104
104
104
104
104
104
104
104
104
104
104
104
104
104
104
104
104
104
104
104
104
104
104
104
104
104
104
104
104
104
104
104
104
104
104
104
104
104
104
104
104
104
104
104
104
104
104
104
104
104
104
104
104
104
104
104
104
104
104
104
104
104
104
104
104
104
104
104
104
104
104
104
104
104
104
104
104
104
104
104
104
104
104
104
104
104
104
104
104
104
104
104
104
104
104
104
104
104
104
104
104
104
104
104
104
104
104
104
104
104
104
104
104
104
104
104
104
104
104
104
104
104
104
104
104
104
104
104
104
104
104
104
104
104
104
104
104
104
104
104
104
104
104
104
104
104
114
114
114
114
114
114
114
114
114
114
114
114
114
114
114
114
114
114
114
114
114
114
114
114
114
114
114
114
114
114
114
114
114
114
114
114
114
114
114
114
114
114
114
114
114
114
114
114
114
114
114
114
114
114
114
114
114
114
114
114
114
114
114
114
114
114
114
114
114
114
114
114
114
114
114
114
114
114
114
114
114
114
114
114
114
114
114
114
114
114
114
114
114
114
114
114
114
114
114
114
114
114
108
108
108
108
108
108
108
108
108
108
108
108
108
108
108
108
108
108
108
108
108
108
108
108
108
108
108
108
108
108
108
108
108
108
108
108
108
108
108
108
108
108
108
108
108
108
108
108
108
108
108
108
108
108
108
108
108
108
108
108
108
108
108
108
108
108
108
108
108
108
108
108
108
108
108
108
108
108
108
108
108
108
108
108
108
108
108
107
107
107
107
107
107
107
107
107
107
107
107
107
107
107
107
107
107
107
107
107
107
107
107
107
107
107
107
107
107
107
107
107
107
107
107
107
107
107
107
107
107
107
107
107
107
107
107
107
107
107
107
107
107
107
107
107
107
107
107
107
107
107
107
107
107
107
107
107
107
107
107
107
107
107
107
107
107
107
107
107
107
107
107
107
107
107
108
108
108
108
108
108
108
108
108
108
108
108
108
108
108
108
108
108
108
108
108
108
108
108
108
108
108
108
108
108
108
108
108
108
108
108
108
108
108
108
108
108
108
108
108
108
108
108
108
108
108
108
108
108
108
108
108
108
108
108
108
108
108
108
108
108
108
108
108
108
108
108
108
108
108
108
108
108
108
108
108
108
108
108
108
108
108
108
108
108
108
108
109
109
109
109
109
109
109
109
109
109
109
109
109
109
109
109
109
109
109
109
109
109
109
109
109
109
109
109
109
109
109
109
109
109
109
109
109
109
109
109
109
109
109
109
109
109
109
109
109
109
109
109
109
109
109
109
109
109
109
109
109
109
109
109
109
109
109
109
109
109
109
109
109
109
109
109
109
116
116
116
116
116
116
116
116
116
116
116
116
116
116
116
116
116
116
116
116
116
116
116
116
116
116
116
116
116
116
116
116
116
116
116
116
116
116
116
116
116
116
116
116
116
116
116
116
116
116
116
116
116
116
116
116
116
116
116
116
116
116
116
116
116
116
116
116
116
116
116
116
116
116
116
116
116
116
116
116
116
116
116
112
112
112
112
112
112
112
112
112
112
112
112
112
112
112
112
112
112
112
112
112
112
112
112
112
112
112
112
112
112
112
112
112
112
112
112
112
112
112
112
112
112
112
112
112
112
112
112
112
112
112
112
112
112
112
112
112
112
112
112
112
112
112
112
112
112
112
112
112
112
112
112
112
112
112
112
112
112
112
112
112
112
112
112
112
112
112
112
112
112
112
112
112
112
112
112
112
112
112
112
112
112
112
112
112
112
112
112
112
112
112
112
112
112
112
112
112
112
112
112
112
112
112
112
112
112
112
112
112
112
112
112
112
112
112
112
112
112
112
112
112
112
112
112
112
112
112
112
112
112
112
112
112
112
112
112
112
112
112
112
112
112
112
112
112
113
113
113
113
113
113
113
113
113
113
113
113
113
113
113
113
113
113
113
113
113
113
113
113
113
113
113
113
113
113
113
113
113
113
113
113
113
113
113
113
113
113
113
113
113
113
113
113
113
113
113
113
113
113
113
113
113
113
113
113
113
113
113
113
113
113
113
113
113
113
113
113
113
113
113
113
113
113
113
113
113
113
113
113
113
113
113
113
113
113
113
113
116
116
116
116
116
116
116
116
116
116
116
116
116
116
116
116
116
116
116
116
116
116
116
116
116
116
116
116
116
116
116
116
116
116
116
116
116
116
116
116
116
116
116
116
116
116
116
116
116
116
116
116
116
116
116
116
116
116
116
116
116
116
116
116
116
116
116
116
116
116
116
116
116
116
116
116
116
116
116
116
116
116
116
116
116
116
116
116
116
116
116
116
116
116
116
116
116
116
116
116
116
116
116
116
116
116
116
116
116
116
116
116
116
116
116
116
116
116
116
116
116
116
116
116
116
116
116
116
116
116
116
116
116
116
116
116
116
116
116
116
116
116
116
116
116
116
116
116
116
116
116
116
116
116
116
116
116
116
116
116
116
116
116
116
116
116
116
116
116
116
116
116
116
116
116
116
116
116
116
116
116
116
116
116
116
116
116
116
116
116
116
116
116
116
116
116
116
116
116
116
116
116
116
116
116
116
116
116
116
116
116
116
116
116
116
116
116
116
116
116
116
116
116
116
116
116
116
116
116
116
116
116
116
116
116
116
116
116
116
116
116
116
116
116
116
116
116
116
116
116
116
116
116
116
116
116
116
116
116
116
116
116
116
116
116
116
116
116
116
116
116
116
116
116
116
116
116
116
117
117
117
117
117
117
117
117
117
117
117
117
117
117
117
117
117
117
117
117
117
117
117
117
117
117
117
117
117
117
117
117
117
117
117
117
117
117
117
117
117
117
117
117
117
117
117
117
117
117
117
117
117
117
117
117
117
117
117
117
117
117
117
117
117
117
117
117
117
117
117
117
117
117
117
117
117
117
117
117
117
118
118
118
118
118
118
118
118
118
118
118
118
118
118
118
118
118
118
118
118
118
118
118
118
118
118
118
118
118
118
118
118
118
118
118
118
118
118
118
118
118
118
118
118
118
118
118
118
118
118
118
118
118
118
118
118
118
118
118
118
118
118
118
118
118
118
118
118
118
118
118
118
118
118
118
118
118
118
118
118
118
118
118
118
118
118
118
118
118
118
118
118
118
118
118
118
118
118
118
118
118
118
119
119
119
119
119
119
119
119
119
119
119
119
119
119
119
119
119
119
119
119
119
119
119
119
119
119
119
119
119
119
119
119
119
119
119
119
119
119
119
119
119
119
119
119
119
119
119
119
119
119
119
119
119
119
119
119
119
119
119
119
119
119
119
119
119
119
119
119
119
119
119
119
119
119
119
119
119
119
119
119
119
119
119
119
119
119
119
119
119
119
119
119
119
119
119
119
119
120
120
120
120
120
120
120
120
120
120
120
120
120
120
120
120
120
120
120
120
120
120
120
120
120
120
120
120
120
120
120
120
120
120
120
120
120
120
120
120
120
120
120
120
120
120
120
120
120
120
120
120
120
120
120
120
120
120
120
120
120
120
120
120
120
120
120
120
120
120
120
120
120
120
120
120
120
120
120
120
121
121
121
121
121
121
121
121
121
121
121
121
121
121
121
121
121
121
121
121
121
121
121
121
121
121
121
121
121
121
121
121
121
121
121
121
121
121
121
121
121
121
121
121
121
121
121
121
121
121
121
121
121
121
121
121
121
121
121
121
121
121
121
121
121
121
121
121
121
121
121
121
121
122
122
122
122
122
122
122
122
122
122
122
122
122
122
122
122
122
122
122
122
122
122
122
122
122
122
122
122
122
122
122
122
122
122
122
122
122
122
122
122
122
122
122
122
122
122
122
122
122
122
122
122
122
122
122
122
122
122
122
122
122
122
122
122
122
122
122
122
122
122
122
122
122
122
122
122
122
126
126
126
126
126
126
126
126
126
126
126
126
126
126
126
126
126
126
126
126
126
126
126
126
126
126
126
126
126
126
126
126
126
126
126
126
126
126
126
126
126
126
126
126
126
126
126
126
126
126
126
126
126
126
126
126
126
126
126
126
126
126
126
126
126
126
126
126
126
126
126
126
126
126
126
126
126
126
126
124
124
124
124
124
124
124
124
124
124
124
124
124
124
124
124
124
124
124
124
124
124
124
124
124
124
124
124
124
124
124
124
124
124
124
124
124
124
124
124
124
124
124
124
124
124
124
124
124
124
124
124
124
124
124
124
124
124
124
124
124
124
124
124
124
124
124
124
124
124
124
124
124
124
124
124
124
124
124
124
124
124
124
124
124
124
124
124
124
124
124
124
124
124
124
124
124
124
124
124
124
125
125
125
125
125
125
125
125
125
125
125
125
125
125
125
125
125
125
125
125
125
125
125
125
125
125
125
125
125
125
125
125
125
125
125
125
125
125
125
125
125
125
125
125
125
125
125
125
125
125
125
125
125
125
125
125
125
125
125
125
125
125
125
125
125
125
125
125
125
125
125
125
125
125
125
125
125
125
125
125
125
125
125
126
126
126
126
126
126
126
126
126
126
126
126
126
126
126
126
126
126
126
126
126
126
126
126
126
126
126
126
126
126
126
126
126
126
126
126
126
126
126
126
126
126
126
126
126
126
126
126
126
126
126
126
126
126
126
126
126
126
126
126
126
126
126
126
126
126
126
126
126
126
126
126
126
126
126
127
127
127
127
127
127
127
127
127
127
127
127
127
127
127
127
127
127
127
127
127
127
127
127
127
127
127
127
127
127
127
127
127
127
127
127
127
127
127
127
127
127
127
127
127
127
127
127
127
127
127
127
127
127
127
127
127
127
127
127
127
127
127
127
127
127
127
127
127
127
127
127
127
127
127
127
127
129
129
129
129
129
129
129
129
129
129
129
129
129
129
129
129
129
129
129
129
129
129
129
129
129
129
129
129
129
129
129
129
129
129
129
129
129
129
129
129
129
129
129
129
129
129
129
129
129
129
129
129
129
129
129
129
129
129
129
129
129
129
129
129
129
129
129
129
129
129
130
130
130
130
131
131
131
131
131
131
131
131
131
132
132
132
132
134
134
134
134
134
134
134
134
134
134
134
134
134
134
158
158
158
158
158
158
158
158
136
136
136
136
136
136
136
136
136
136
136
137
137
137
137
138
138
138
138
138
138
138
138
138
138
146
146
146
140
140
140
140
141
141
143
143
143
143
143
143
143
143
143
143
143
143
152
152
152
152
152
152
152
152
152
145
145
145
145
145
145
145
145
145
145
145
145
145
146
146
146
146
146
146
146
146
146
146
150
150
150
150
150
150
150
150
150
150
148
148
148
148
149
149
149
151
151
151
151
151
151
151
151
151
151
151
151
151
151
152
152
152
152
152
152
152
152
153
153
153
160
160
160
160
160
160
160
160
160
160
158
158
158
158
158
158
158
158
158
158
158
158
158
158
158
157
157
157
157
157
157
157
157
157
157
157
157
157
158
158
158
162
162
162
161
161
161
161
161
161
161
161
161
162
162
162
162
162
162
173
173
173
173
173
164
164
164
164
165
165
165
167
167
167
169
169
169
169
169
169
168
168
168
168
168
170
170
170
171
171
171
171
171
171
172
172
172
172
172
173
173
173
173
173
173
173
173
173
173
174
174
174
177
177
177
177
177
177
177
176
176
176
176
176
176
176
176
176
176
177
177
177
177
177
178
178
178
178
178
178
178
178
178
178
204
204
204
204
204
204
204
204
204
204
204
180
180
180
180
180
180
181
181
181
181
181
181
181
181
181
181
182
182
182
182
182
188
188
188
188
188
185
185
185
185
185
185
185
185
185
185
186
186
186
186
186
186
186
186
186
186
187
187
188
188
188
188
188
188
188
188
188
188
195
195
195
195
195
190
190
190
191
191
191
191
191
191
191
191
191
191
196
196
196
196
193
193
193
193
193
193
197
197
197
197
197
197
197
197
196
196
196
196
197
197
197
197
197
197
197
197
197
197
197
197
197
197
197
197
197
197
199
199
199
199
199
199
199
199
199
199
200
200
200
200
206
206
206
206
206
206
206
206
206
206
206
206
206
206
203
203
203
203
203
203
204
204
204
204
204
205
205
205
205
205
205
206
206
206
239
239
239
216
216
216
216
216
216
216
216
216
216
209
209
209
214
214
214
214
211
211
211
211
211
211
211
211
212
212
212
212
212
212
212
212
213
213
213
213
213
213
213
213
213
214
214
214
214
214
214
214
214
214
214
214
214
215
215
215
215
215
215
216
216
216
216
216
216
216
217
217
217
217
217
217
217
217
217
217
217
218
218
218
218
218
218
218
220
220
220
220
220
220
220
220
220
220
220
220
220
227
227
227
227
227
227
227
227
227
227
227
227
227
227
222
222
222
227
227
227
227
227
227
225
225
225
225
225
225
225
225
225
225
225
225
225
225
226
226
226
226
226
226
226
226
226
229
229
229
229
229
229
229
229
229
228
228
228
228
228
228
228
228
229
229
229
229
229
229
230
230
230
231
231
231
231
231
231
231
231
233
233
233
233
233
233
233
233
233
233
233
233
233
233
233
233
233
234
234
234
234
234
234
234
234
234
234
234
234
234
245
245
245
245
245
245
245
245
245
236
236
236
236
236
236
236
236
236
237
237
237
237
237
237
238
238
238
238
238
238
238
238
238
240
240
240
240
240
240
240
240
241
241
241
241
241
241
241
241
241
241
246
246
246
246
243
243
243
243
243
243
243
243
243
245
245
245
245
245
245
245
245
245
245
245
246
246
246
246
246
246
246
246
246
248
248
248
248
248
248
248
248
248
248
248
248
252
252
252
252
252
250
250
250
250
250
250
250
253
253
253
253
253
253
253
253
253
253
253
253
253
253
253
253
253
253
253
253
253
253
260
260
260
260
260
260
257
257
257
257
257
257
257
257
257
256
256
256
256
256
257
257
257
257
257
257
257
257
257
263
263
263
263
263
263
263
263
260
260
260
260
260
260
260
260
260
260
260
262
262
262
262
262
262
262
262
262
262
262
262
262
263
263
263
263
263
263
263
266
266
266
266
266
266
266
266
266
266
266
266
266
266
266
266
266
266
266
266
266
266
266
266
266
266
266
266
268
268
268
268
268
268
268
268
268
268
268
268
268
268
268
269
269
269
269
269
270
270
270
270
271
271
271
271
271
271
272
272
272
272
272
272
273
273
273
273
273
273
273
273
274
274
274
274
274
274
317
317
317
317
317
317
317
317
317
276
276
276
276
276
276
276
276
276
307
307
307
307
307
307
293
293
293
293
293
293
293
293
293
284
284
284
284
284
284
284
284
284
284
284
282
282
282
282
282
282
282
282
282
282
282
282
282
282
282
283
283
283
283
284
284
284
284
284
284
284
284
284
284
285
285
285
285
285
285
285
285
285
286
286
286
286
286
286
288
288
288
288
288
288
288
288
288
291
291
291
291
291
291
291
291
290
290
293
293
293
293
293
293
293
293
293
293
293
293
293
293
293
293
293
293
293
293
293
293
293
293
293
293
302
302
302
302
302
297
297
297
297
297
297
297
296
296
297
297
297
297
297
297
297
297
298
298
298
298
298
298
298
298
298
299
299
299
299
300
300
301
301
301
301
301
301
301
301
301
302
302
302
302
302
302
302
302
303
303
303
303
303
303
304
304
304
304
304
304
308
308
308
308
308
308
308
306
306
306
306
306
306
306
306
308
308
308
308
308
308
308
308
308
308
308
308
308
308
310
310
310
311
311
311
311
311
311
311
311
311
311
311
311
311
314
314
314
314
314
314
314
314
314
314
314
315
315
315
315
315
315
314
314
314
314
314
314
315
315
315
315
315
317
317
317
317
317
317
317
317
317
317
317
317
317
317
317
317
317
318
318
318
318
318
318
319
319
319
319
319
319
319
319
319
319
978
978
978
978
978
978
322
322
322
322
322
322
322
323
323
323
323
323
323
323
323
323
323
323
324
324
324
324
324
324
326
326
326
326
326
326
335
335
335
335
335
335
335
335
335
335
328
328
328
328
328
328
328
329
329
332
332
332
332
332
332
332
332
332
332
332
332
332
332
332
332
332
332
332
332
332
332
332
332
333
333
333
333
333
336
336
336
336
336
336
336
336
336
336
336
336
336
336
336
336
336
337
337
337
337
337
337
337
337
337
337
373
373
373
373
373
373
373
373
373
373
373
339
339
339
339
339
340
340
340
344
344
344
344
344
344
344
344
344
344
344
344
344
345
345
345
345
345
344
344
344
344
344
344
344
344
344
344
344
345
345
345
345
370
370
370
370
370
370
370
370
370
370
370
366
366
366
366
366
366
366
366
366
348
348
348
348
348
349
349
349
349
350
350
350
351
351
351
351
351
351
351
353
353
353
353
353
353
353
353
353
353
353
353
353
353
353
353
353
353
354
354
354
354
354
369
369
369
369
369
357
357
357
357
357
357
357
357
357
357
357
357
357
357
357
375
375
375
375
375
375
359
359
359
360
360
360
361
361
361
361
361
362
362
362
362
362
362
362
362
362
363
363
363
364
364
364
364
364
364
364
364
365
365
365
365
366
366
366
366
366
366
366
366
382
382
382
382
382
382
374
374
374
374
374
374
374
373
373
373
373
373
370
370
370
370
375
375
375
375
375
375
373
373
373
373
373
373
373
373
373
375
375
375
375
375
375
375
375
385
385
385
385
385
380
380
380
380
380
378
378
378
378
378
378
378
378
378
378
379
379
379
379
379
379
379
381
381
381
381
381
381
381
381
381
381
381
381
382
382
382
382
382
382
383
383
383
383
383
383
383
383
384
384
384
384
384
384
384
384
384
386
386
386
386
386
386
386
386
386
386
386
386
386
386
387
387
387
387
387
387
387
387
387
387
388
388
388
388
389
389
389
389
389
390
391
391
391
391
391
391
391
391
391
391
391
391
391
405
405
405
405
405
405
405
405
405
405
405
405
405
393
394
394
394
394
394
394
394
394
395
395
395
395
395
396
396
396
396
396
396
396
397
397
397
397
397
397
402
402
402
402
402
402
402
402
402
402
399
399
399
399
400
400
400
400
402
402
402
402
402
402
402
402
402
402
402
402
402
402
402
402
402
407
407
407
407
407
407
405
405
405
405
405
405
405
405
405
405
405
405
405
405
405
405
405
410
410
410
410
410
410
410
410
410
410
407
407
407
407
407
407
408
408
408
408
408
408
408
408
408
408
408
409
409
409
409
409
410
410
410
410
411
411
411
411
411
411
412
412
412
412
412
412
420
420
420
420
420
420
420
420
420
414
414
414
414
414
414
414
416
416
416
416
416
416
416
416
416
416
416
416
416
416
416
416
416
416
416
423
423
423
423
419
419
419
419
419
419
419
419
419
419
419
419
419
419
420
420
421
421
421
421
421
421
421
421
421
421
421
421
422
422
422
422
422
422
422
422
422
424
424
424
424
424
424
424
424
424
424
424
424
424
424
424
424
424
424
424
426
426
426
426
426
426
426
426
426
426
428
428
428
428
428
428
428
428
428
428
428
428
428
428
428
428
428
428
428
428
428
428
428
428
430
430
430
430
430
430
430
430
430
432
432
432
432
433
433
433
433
433
433
433
433
433
433
436
436
436
436
436
435
435
435
435
435
435
436
436
436
436
436
436
436
436
453
453
453
453
453
453
453
453
453
438
438
438
438
438
438
441
441
441
441
441
441
440
440
440
440
440
440
442
442
442
442
442
442
442
442
442
442
442
442
442
442
442
442
443
443
443
443
443
443
443
443
443
444
444
444
444
444
446
446
446
446
446
446
446
446
446
446
446
448
448
448
448
448
448
447
447
447
447
447
448
448
448
448
448
448
448
449
449
449
449
449
449
449
449
450
450
450
450
450
452
452
452
452
452
452
452
452
452
452
452
452
452
452
452
452
452
452
452
452
452
453
453
453
453
453
453
453
453
453
453
455
455
455
455
455
455
455
455
455
455
455
455
455
455
455
455
455
455
460
460
460
460
460
460
460
460
460
460
460
460
460
460
460
460
460
460
460
460
460
460
460
458
458
458
460
460
460
460
465
465
465
465
465
462
462
462
462
462
462
462
462
462
462
463
463
463
463
463
464
464
464
464
464
464
464
464
464
464
464
465
465
465
465
465
485
485
485
485
485
485
485
485
467
467
467
467
467
467
467
467
468
468
468
468
468
468
468
468
468
483
483
483
483
483
483
483
483
483
483
470
470
470
470
470
471
471
471
471
471
471
471
474
474
474
474
474
474
474
474
474
474
473
473
473
473
473
473
475
475
475
475
475
475
475
475
475
475
475
475
481
481
481
481
481
481
477
477
477
477
477
478
478
478
478
479
479
479
479
479
480
481
481
481
481
481
481
481
481
481
481
482
482
482
482
482
482
482
482
483
483
483
483
487
487
487
487
485
485
487
487
487
487
487
487
487
487
487
487
947
947
947
947
947
947
947
489
489
489
489
489
489
489
489
490
490
490
490
490
490
490
490
510
510
510
510
510
510
510
510
510
510
492
492
492
492
492
493
493
495
495
495
495
495
495
495
495
495
495
495
495
495
495
495
496
496
496
496
496
505
505
505
505
505
499
499
499
499
499
499
499
499
500
500
500
500
500
501
501
501
501
501
502
502
502
502
502
502
502
503
503
503
503
503
503
503
504
504
504
504
504
504
504
504
504
504
504
504
504
506
506
506
506
506
506
506
506
506
506
506
506
506
506
506
506
506
506
506
511
511
511
511
511
511
511
511
508
508
508
508
508
508
508
508
510
510
510
510
510
510
510
510
510
511
511
511
511
511
513
513
513
513
513
513
513
513
513
513
513
513
513
516
516
516
516
516
516
516
515
515
515
515
515
516
516
516
516
516
516
516
516
516
516
526
526
526
526
526
526
526
519
519
519
519
519
519
519
523
523
523
523
523
521
521
521
521
521
521
521
522
522
522
522
523
523
523
523
524
524
524
524
524
525
525
525
525
525
529
529
529
529
529
529
529
529
529
529
529
529
529
529
529
529
529
529
529
529
529
529
529
529
530
530
530
530
530
542
542
542
542
542
542
542
542
542
533
533
533
533
533
533
533
533
533
533
533
535
535
535
535
535
535
535
535
535
535
535
536
536
536
536
536
536
536
536
536
536
537
537
537
537
537
537
537
537
537
539
539
539
539
539
539
539
539
539
539
560
560
560
560
543
543
543
543
543
543
543
543
543
543
543
543
543
543
543
543
544
544
544
544
545
545
545
545
545
545
545
545
545
545
545
545
554
554
554
554
554
554
554
554
549
549
549
549
549
549
549
549
549
548
548
548
548
548
549
549
549
549
549
549
549
549
551
551
551
551
551
551
551
551
551
551
551
551
551
553
553
553
553
553
553
553
553
553
553
553
553
553
553
553
554
554
554
554
554
554
556
556
556
556
556
556
556
556
556
556
556
556
556
556
556
556
557
557
557
557
557
557
557
559
559
559
559
559
559
559
559
559
559
559
559
559
559
559
559
559
559
560
560
560
560
560
561
561
561
561
561
561
561
561
561
561
561
562
562
562
562
562
562
562
563
563
564
564
564
564
564
564
564
564
564
565
565
565
565
565
565
565
566
566
566
571
571
571
571
571
571
571
571
571
571
571
568
568
568
568
571
571
571
571
571
571
571
570
570
570
572
572
572
572
572
572
572
572
572
572
572
572
572
572
572
573
573
573
573
573
573
729
729
729
729
729
729
729
575
575
575
575
578
578
578
578
578
578
578
578
578
577
577
577
577
577
577
577
578
578
578
578
578
578
578
578
579
579
579
580
580
581
581
581
584
584
584
584
584
584
584
584
584
584
584
583
583
583
583
586
586
586
586
586
587
587
587
587
587
587
587
587
587
587
587
587
587
587
587
587
588
588
588
588
588
588
588
597
597
597
597
597
597
597
597
592
592
592
591
591
591
591
591
600
600
600
600
600
600
600
600
600
600
593
593
593
593
593
593
594
594
594
594
594
594
596
596
596
596
596
599
599
599
599
599
597
597
597
598
598
598
598
598
599
599
599
599
599
602
602
602
602
602
601
601
601
601
601
601
601
601
601
602
602
602
602
602
602
602
602
602
607
607
607
607
607
607
607
607
604
604
604
604
604
608
608
608
608
608
606
606
606
606
606
606
606
608
608
608
608
608
608
608
608
608
610
610
610
610
610
610
610
610
611
611
611
611
611
611
611
613
613
613
613
613
613
613
613
613
613
613
613
613
613
613
613
613
613
613
613
614
614
614
614
614
614
617
617
617
618
618
618
618
618
618
618
618
618
618
618
618
618
618
618
618
617
617
617
617
617
617
617
617
617
617
617
617
617
617
617
621
621
621
621
621
621
621
621
621
621
619
619
619
619
619
619
619
621
621
621
621
621
621
621
621
621
621
621
621
621
621
621
621
621
625
625
625
625
625
625
623
623
623
623
623
623
623
623
623
623
623
624
624
624
624
624
624
624
624
625
625
625
625
628
628
628
628
628
628
628
628
628
628
628
627
627
627
627
627
627
627
627
627
627
628
628
628
628
628
628
629
629
629
629
629
629
632
632
632
632
632
632
632
632
631
631
631
631
631
631
631
631
631
631
631
634
634
634
634
633
633
633
633
633
633
634
634
634
634
634
634
634
636
636
636
636
636
636
636
636
636
636
636
636
636
636
637
637
637
637
637
653
653
653
653
653
653
653
653
653
653
640
640
640
640
640
640
640
640
640
640
640
642
642
642
642
642
642
642
642
642
642
642
642
642
642
642
642
642
642
642
642
642
645
645
645
645
645
645
645
645
652
652
652
652
652
652
652
652
645
645
645
645
645
645
646
646
646
646
646
646
646
647
647
647
647
647
648
648
648
648
648
648
648
649
649
649
656
656
651
651
651
651
651
651
652
652
652
652
652
652
653
653
653
653
653
653
653
654
654
654
654
654
654
654
654
654
654
656
656
656
656
656
656
656
656
657
657
674
674
674
674
674
674
674
674
674
674
661
661
661
661
661
661
661
661
661
661
661
662
662
662
662
662
662
662
664
664
664
664
664
664
664
664
664
664
668
668
668
668
668
668
666
666
666
666
666
666
666
667
667
667
667
667
667
667
669
669
669
669
669
669
669
669
669
669
669
669
669
669
669
669
670
670
670
670
670
671
671
671
671
671
671
671
673
673
673
673
673
673
673
673
673
673
673
674
674
674
674
674
674
674
674
674
674
674
674
675
675
675
676
676
676
676
676
676
676
676
677
677
677
677
677
677
677
678
678
678
678
678
678
678
678
678
679
679
679
679
679
679
679
679
709
709
709
709
709
709
709
684
684
684
684
684
684
684
683
683
683
683
683
683
683
683
683
683
683
684
684
684
687
687
687
687
687
687
686
686
686
686
686
686
686
687
687
687
687
687
687
687
687
688
688
688
688
688
688
688
688
688
689
689
689
689
689
689
689
689
689
690
690
690
734
734
734
734
734
734
734
734
734
734
734
694
694
694
694
694
693
693
693
693
693
693
693
694
694
694
694
694
694
694
694
694
694
695
695
695
695
696
696
696
696
696
696
696
696
696
696
696
696
696
703
703
703
703
703
703
703
703
703
703
698
698
698
698
698
698
698
699
699
699
699
699
699
699
699
700
700
700
701
701
701
701
701
703
703
703
703
703
703
703
703
703
703
703
703
703
703
703
710
710
710
710
710
710
710
710
710
710
705
705
705
705
705
710
710
710
710
710
710
710
710
707
707
707
707
707
710
710
710
710
713
713
713
713
713
713
710
710
710
710
710
711
711
711
711
711
711
711
711
711
713
713
713
713
713
713
713
716
716
716
716
716
716
716
716
716
716
716
716
716
716
716
716
716
716
716
716
716
716
716
716
716
716
722
722
722
722
722
722
722
722
722
722
722
722
720
720
720
720
720
720
720
720
719
719
719
719
720
720
720
720
721
721
721
721
721
721
721
721
722
722
722
722
722
722
722
722
722
722
722
726
726
726
726
726
730
730
730
730
730
730
725
725
725
725
726
726
726
726
726
726
726
726
726
726
726
727
727
727
727
727
728
728
728
728
728
728
728
728
728
728
728
730
730
730
730
730
730
730
730
733
733
733
733
733
733
733
733
733
733
732
732
732
732
732
732
732
732
733
733
733
733
733
733
733
733
736
736
736
736
736
736
736
736
736
735
735
735
735
735
735
736
736
736
736
736
736
736
736
736
736
737
737
737
737
737
737
737
737
737
737
738
738
738
740
740
740
740
740
740
740
740
740
740
740
740
740
740
740
741
741
741
741
741
741
741
741
743
743
743
743
743
744
744
744
744
744
744
744
744
744
745
745
745
745
745
745
745
745
745
745
745
746
746
746
746
746
746
746
746
746
746
749
749
749
749
749
749
749
749
749
749
749
749
749
748
748
748
748
748
748
756
756
756
756
756
756
756
755
755
755
755
755
755
755
755
755
753
753
753
753
753
753
753
754
754
754
754
754
754
754
754
754
754
753
753
753
753
753
753
754
754
754
754
754
755
755
755
755
755
762
762
762
762
762
762
762
762
762
762
757
757
757
757
757
757
757
757
757
759
759
759
759
759
759
760
760
760
760
760
760
761
761
761
761
761
761
761
763
763
763
763
763
763
763
763
763
763
763
763
763
763
763
763
765
765
765
765
765
765
765
765
765
765
765
765
766
766
766
766
766
766
766
766
767
767
767
767
767
767
767
860
860
860
860
860
860
789
789
789
770
770
770
770
770
770
770
770
776
776
776
776
776
776
772
772
772
772
772
772
772
772
772
772
773
773
773
773
773
773
773
773
773
773
773
774
774
774
774
774
774
774
774
775
775
775
776
776
776
776
776
776
776
777
777
777
777
777
777
777
777
777
778
778
778
778
778
778
778
778
778
778
778
778
778
779
779
779
779
779
779
779
781
781
781
781
781
781
781
781
782
782
782
782
782
782
782
782
782
782
782
782
785
785
785
785
785
785
785
785
785
785
785
785
785
785
785
785
785
785
785
785
785
786
786
786
786
786
786
786
786
796
796
796
796
796
796
796
789
789
789
789
789
789
789
789
789
789
789
789
795
795
795
792
792
792
792
792
792
792
792
792
792
792
795
795
794
794
794
794
795
795
795
795
795
796
796
796
796
796
796
799
799
799
799
799
799
798
798
798
798
798
798
798
798
800
800
800
800
800
800
800
800
800
807
807
807
807
807
807
807
807
807
807
807
807
802
802
802
802
803
803
803
803
803
803
803
803
803
804
804
804
804
804
804
804
804
804
804
804
804
804
815
815
815
815
815
815
815
806
806
806
806
806
806
806
806
806
806
807
807
807
807
807
807
807
807
807
810
810
810
810
810
810
810
810
810
809
809
809
809
809
810
810
810
810
810
815
815
815
815
815
815
815
815
815
815
815
815
813
813
813
813
813
813
813
813
813
813
813
814
814
814
814
814
814
814
814
815
815
815
816
816
816
816
816
816
816
816
816
816
816
816
816
817
817
817
835
835
835
835
835
835
835
835
835
835
835
821
821
821
823
823
822
822
822
822
822
822
822
822
822
822
822
824
824
824
824
824
824
824
824
824
824
824
824
824
824
837
837
837
837
837
837
837
837
837
837
837
837
837
827
827
827
827
827
827
827
827
827
827
828
828
828
828
828
828
828
828
828
829
829
829
832
832
832
832
832
832
832
832
833
833
833
833
833
833
833
832
832
832
833
833
833
833
834
834
834
834
834
834
834
835
835
835
835
835
835
835
835
835
836
836
836
836
836
837
837
837
837
837
837
837
837
879
879
879
879
879
879
879
879
839
839
839
839
840
840
840
840
840
841
841
841
841
841
841
841
841
841
841
841
841
841
843
843
843
843
843
843
843
843
843
843
843
843
843
843
843
843
851
851
851
851
851
851
851
851
851
845
845
845
845
845
846
846
846
846
846
846
846
846
846
846
846
846
849
849
849
849
849
849
848
848
848
848
848
848
848
848
848
848
848
848
849
851
851
851
851
851
851
851
851
851
851
852
852
852
852
852
852
861
861
861
861
861
861
861
861
861
861
855
855
855
855
855
855
855
855
855
855
855
856
856
856
856
856
856
856
856
856
856
856
856
856
856
856
856
858
858
858
858
858
858
858
858
858
858
858
858
858
859
859
859
859
859
859
860
860
860
860
860
860
863
863
863
863
863
863
863
863
863
863
862
862
862
862
862
862
862
862
864
864
864
864
864
864
864
864
864
864
864
864
865
865
865
865
865
865
865
887
887
887
887
887
887
887
887
867
867
867
867
867
867
868
868
868
868
868
868
868
868
868
873
873
873
873
870
870
870
870
870
871
871
871
871
871
871
871
871
872
872
872
873
873
873
873
873
873
873
873
873
873
879
879
879
879
879
875
875
875
875
875
875
875
875
876
876
876
876
876
876
876
877
877
877
877
877
879
879
879
879
879
879
879
879
879
879
879
879
879
879
879
880
880
880
880
880
880
880
886
886
886
886
886
886
886
882
882
882
882
882
885
885
885
885
885
885
885
885
885
884
884
884
884
884
885
885
885
885
885
885
886
886
886
888
888
888
888
888
888
888
888
888
888
888
888
888
888
888
888
888
888
888
888
888
889
889
889
889
892
892
892
891
891
891
891
891
891
892
892
892
893
893
893
893
893
893
895
895
895
895
895
895
895
895
895
895
895
895
895
895
895
895
901
901
901
901
901
897
897
897
897
897
897
897
897
897
907
907
907
907
907
907
907
907
907
907
907
907
907
900
900
900
900
900
900
900
902
902
902
902
902
902
902
902
902
902
902
902
902
902
902
905
905
905
905
904
904
905
905
905
908
908
908
908
908
908
908
908
908
908
908
908
907
907
907
907
907
907
907
910
910
910
910
910
910
910
910
910
910
910
910
910
910
910
909
909
909
909
909
909
910
910
910
910
910
938
938
938
938
938
938
938
938
938
938
938
938
938
912
912
912
912
912
912
912
913
913
913
913
913
913
913
913
913
913
914
914
914
914
914
914
914
914
914
916
916
916
916
916
916
916
916
916
916
916
916
916
917
917
917
917
917
917
917
917
917
917
917
917
917
937
937
937
937
919
919
922
922
922
922
922
922
922
922
921
921
921
921
921
923
923
923
923
923
923
923
923
923
923
923
923
923
923
923
923
923
923
923
929
929
929
929
929
929
929
929
929
929
925
925
925
925
925
926
926
926
926
926
926
926
926
926
927
927
927
927
927
927
927
930
930
930
930
930
930
930
930
930
929
929
929
930
930
931
931
931
931
931
931
931
931
931
931
931
932
932
932
932
932
932
932
932
934
934
934
934
934
934
934
934
934
934
934
934
934
934
934
934
934
934
934
935
935
935
935
935
935
935
939
939
939
939
939
939
939
939
939
939
939
939
939
939
939
939
939
939
939
939
939
939
939
939
939
939
939
939
939
939
939
939
939
939
940
940
940
940
940
940
940
940
942
942
942
942
942
942
942
942
942
942
942
942
942
942
942
942
943
943
943
943
943
943
943
943
944
944
945
945
945
945
945
945
945
945
945
980
980
980
980
980
980
980
980
980
980
980
947
947
947
949
949
949
949
949
949
949
949
949
949
949
949
949
951
951
951
951
951
951
951
951
951
951
951
951
951
951
951
951
953
953
953
953
953
953
953
953
953
953
954
954
954
954
954
954
954
954
954
954
954
955
955
955
955
955
955
955
955
957
957
957
957
957
957
957
957
957
957
957
957
957
957
990
990
990
990
990
990
990
959
959
960
960
960
960
960
960
960
960
961
961
961
961
961
961
961
961
961
961
961
961
961
964
964
964
964
964
964
964
964
964
964
964
964
964
964
964
964
992
992
992
992
992
992
992
966
966
966
966
966
966
966
966
966
966
966
966
966
966
966
967
967
967
967
967
967
967
967
967
967
967
967
977
977
977
977
977
977
977
983
983
983
983
983
983
983
971
971
971
971
971
971
971
971
971
971
971
971
971
971
971
972
972
972
972
972
972
972
973
973
973
973
973
975
975
975
975
975
975
975
975
975
975
983
983
983
983
983
983
983
983
983
983
977
977
977
977
977
977
977
977
977
978
978
978
978
978
978
979
979
979
979
979
980
980
980
980
982
982
982
982
982
982
982
982
982
983
983
983
983
983
983
983
984
984
984
984
984
984
984
984
985
985
985
985
985
985
985
985
985
987
987
987
987
987
987
987
987
987
987
987
987
988
988
988
988
988
989
989
989
990
990
990
990
990
991
991
991
991
991
991
991
991
991
991
992
992
992
992
992
992
992
993
993
993
993
993
996
996
996
996
996
996
996
996
995
995
995
995
995
995
996
996
996
996
996
996
996
998
998
998
998
998
999
999
999
999
999
0
0
0
